7.836794445858231706e-01
-2.565475241965350928e-01
-5.315029919667997316e-01
-3.293398837345312691e-01
-4.685509127061994183e-01
1.477300842802399261e+00
-6.872431452896431425e-01
-2.710221003309178922e-01
-9.551728064310696098e-01
6.529574629636848426e-01
2.016353730220093454e-01
-7.642376090132838584e-01
-3.251759374383519918e-01
-1.009744086727607071e+00
-4.096657931688515442e-01
-7.080997131607610351e-01
5.241520699632032931e-01
-8.214011674914769578e-01
5.615043441432308047e-01
2.661335708346270756e-01
1.148292336016801141e+00
-8.220074690531081751e-02
-1.761203260368094936e+00
4.337547802906869809e-01
-1.020073316611855407e+00
-3.960108905605418395e-01
-2.264353490909110533e+00
-1.972820213171995629e+00
2.541388918347482040e+00
1.332191546089253720e+00
2.397802901709749523e+00
9.919927830423113102e-01
1.110209944119144865e+00
-1.180539858961120042e-01
-3.103380425181105351e-01
-7.356533349799522226e-01
-5.875468839860876757e-01
9.097061834336234165e-01
1.282526811411294876e+00
1.093718888578808571e-02
7.013320355722199584e-02
3.072005177482458604e-01
-3.041723780059039095e-01
-3.018492716159976719e-01
4.393020770430818844e-01
2.285896575914133366e-01
-1.190614979938908080e+00
-1.172219641473021129e-01
3.803555999842756496e-01
1.111617634184805414e+00
1.169951726256151181e+00
-3.357830834771319828e-01
-1.257787650866010853e+00
-1.598926054805964100e-02
-1.341857256318839120e+00
-9.820185853752133598e-01
8.631420202461788094e-01
-5.193241987886549477e-02
-1.233262380628285859e+00
-2.138218625838570197e-01
6.760194985973162485e-01
-8.283430631830429602e-01
-2.954666105751965755e-01
1.157599915910791921e+00
4.313211842642841187e-01
2.195179796579695530e+00
4.075126969352151768e-02
8.573149847278719315e-01
-1.972655735464980742e+00
-1.981253290763508590e-01
-1.605728638849972745e+00
3.965818268449244344e-01
-8.347857119927035718e-01
-4.119245962673432904e-01
-9.550149648692797255e-01
-9.100869683079465533e-01
-7.162250714427426113e-01
-5.601943045828777779e-01
-1.134231572028702617e+00
-5.292349541705234639e-01
2.831867767858304297e-01
-6.878525119907522578e-01
3.186603946910774449e-02
5.567948352739466866e-01
3.545363504964018087e-01
-9.475913445395154344e-01
4.748695339156976392e-01
-1.605383929587382574e-01
8.422213975427482735e-01
-6.025550385569163891e-01
-1.557168855332170310e+00
5.488430541878116520e-01
5.294083456097563589e-01
-6.692588871632122460e-01
4.463928960931584644e-01
1.887280620280822108e+00
-3.075421144218260516e-01
-1.512410064319620606e-01
-1.280527817674002033e-01
-1.178967373897131576e+00
1.051775130586607654e+00
-4.679767693206484669e-01
8.721800961786677631e-01
-8.600501469995571746e-01
1.647420929613928386e+00
-7.044698496850713143e-01
-4.054912210541729012e-01
-1.661940283730403811e+00
6.030657109429405915e-01
-4.984020092213956032e-01
1.911581398038185275e+00
-5.724385126294920800e-01
-5.385019637709987927e-01
3.163010227903479965e-01
3.157407209188370922e-01
8.753777775852501497e-01
-1.147470758119241596e+00
-6.953862426613597325e-01
9.242913966820586191e-01
-2.137121079174885419e-01
2.553506556453897375e-02
7.403814611989457950e-02
7.791949613228711657e-02
-5.349299345073929013e-01
4.755902993460918715e-01
-1.192653219453560620e+00
1.500129325864143701e-02
-1.164501999138822352e+00
-1.991189387140886446e-01
1.095324144648377684e+00
2.565253292507755578e+00
-1.526262844031312627e+00
1.092374511814635518e+00
-5.240327470670916310e-02
-8.293598983440675365e-01
6.073498278389632965e-01
-2.245873132064033939e+00
8.071055681833413931e-02
1.700371794437747441e+00
-1.010024549022167095e+00
2.128967211175095908e+00
1.129879956275925856e+00
-1.101085823627950600e+00
-1.260180913553984317e+00
-6.074447602352267550e-01
-4.457253674541900024e-01
9.405097795103498637e-01
1.585085508462945325e-01
-1.838024801341998637e-01
1.552667777736873589e-01
2.053419830004910018e-01
1.123971222095025313e+00
-6.528713620372225135e-01
-2.104525357381724082e-01
4.966958502220254756e-02
-2.324022160417775484e-01
-8.412459563093025450e-01
-1.210555769319008990e+00
-3.577972310138363699e-01
-2.194025089484332169e-01
1.416525017638031736e+00
-3.056462478350610926e-02
1.580788286509056118e-01
1.192865877326997781e+00
-9.545117031619316794e-01
-3.413112553355688306e-01
-3.327854102886641741e+00
-1.173371444653837498e-01
7.762381550141937980e-01
-2.485134506060204251e-01
1.532026339368539380e+00
8.154171742752005514e-01
1.020953419928264827e+00
7.739170891589433054e-01
1.006451462491696258e+00
-1.139674363105992239e+00
3.771150755155995848e-01
7.067755857809329134e-01
2.756666799957048775e-01
-8.237006131496889261e-02
-2.827299072143075187e-01
-9.201805673728326029e-01
6.126767086907558557e-01
-8.387406251339538654e-01
-1.242264474049761674e-01
9.515954889402926664e-01
6.217144204988678258e-01
3.649461824257450027e-01
-1.041038534724510800e+00
1.762519182340246959e-01
1.246226050657622375e+00
8.839653587118069256e-01
-1.448363515529340895e-01
-1.051302803889148541e+00
1.685481291251390124e+00
1.036864532931842803e-01
-1.164771579189795681e+00
1.176069360115736151e+00
5.304160281342179539e-01
3.879291219951934155e-01
-1.863480463733951931e-01
7.343123794283467065e-01
-4.759196629832212477e-01
-3.354661071595840816e-01
-7.148982464870055065e-01
-1.206847764927149874e-01
-4.326242049847990323e-01
-2.391148137403948493e+00
1.857678979352420878e+00
-1.583642022246181780e+00
-8.129575976912856161e-01
-1.807986375770201048e+00
-3.184022976144476047e-01
-1.199558731844990511e+00
1.290354553491984413e-01
1.563973642114105722e+00
-4.879134262944229833e-02
-7.426474046770651372e-01
8.870853550486721417e-01
-1.908855034247520344e+00
-1.049330446512362069e+00
2.089902101731270889e+00
3.958998075643674341e-01
1.031566125167505676e+00
1.111370701653234400e-01
3.602591434594556441e-01
4.843038082138131362e-01
1.179029808566468107e+00
-1.234265034144057804e-01
-6.272845235378600171e-01
-1.367964631536155329e+00
-1.906690686413119895e+00
1.072883530910127003e+00
1.904731109711253201e-01
-1.607077908454440429e+00
1.634608596444947715e+00
1.409448194534220544e+00
-6.824618880734673737e-03
-6.425811018458224000e-01
9.627091117487310834e-01
1.923116819614912043e-01
-2.664520670095273935e+00
-1.116366240579417801e-01
-1.512426329977881068e+00
-3.257831924564729698e-01
9.172547326049030891e-01
-1.517616144292077918e+00
2.371588662209303811e-01
9.809638250152661332e-01
-2.664186447434009966e-02
1.779242234578055915e-01
-7.310145671118339905e-01
1.124388363370679267e+00
2.092335827190441033e-01
-3.861398179177013001e-01
-7.651881978769000670e-01
-1.081386176085632339e-01
2.403259497953713908e-01
-5.556351071850708090e-01
9.411066563549384811e-02
-1.614921595840516921e-01
1.699910729828296718e-01
1.250398112337131495e+00
1.947937589608754183e-01
-6.444513212266510527e-01
9.521229340280076281e-01
-6.175516284577315523e-02
-1.265110385290295625e+00
2.528389754745339890e-01
-9.134133000074643460e-01
7.793287356974608615e-01
7.522982779556972588e-01
7.650787530826558269e-01
-3.312923503120027147e-01
-6.422443762775529308e-01
7.352636605528604929e-02
1.718302455097247827e-01
-7.119664279482488256e-01
1.543102896666245893e+00
-4.677275868963577388e-01
9.384876975252361975e-01
1.756287153989503302e+00
-2.217474478540522487e+00
9.342218724375837002e-01
4.693104606105809595e-01
-3.596562447002745189e-01
2.098023027750495206e+00
1.424268722863342829e+00
-3.406175722698062125e-01
2.537776684552413009e-01
-6.663860663370384518e-01
1.500730901542584039e+00
1.312220590518440533e+00
-1.805170787792112597e+00
-1.231358872430516449e+00
2.953513048544468417e-02
7.664567097759718006e-01
-2.139447976756268410e+00
1.216328462139306010e+00
-4.010006676215524535e-02
1.768849675578856862e-01
-1.856663416103946807e+00
-1.514373732194413513e+00
1.156186515637574130e+00
-7.444384212342668450e-01
-1.931758758606989757e+00
1.908385775894590186e-01
-1.100696272987641056e+00
6.389844468751650908e-01
-2.122673269936518337e-01
-8.964859136184433197e-01
6.874189075090958445e-01
-2.463784580837396695e-02
7.629125261909102118e-01
9.787481487014273451e-01
-4.319132243089708889e-01
1.094958574378485094e+00
5.695590287812398733e-01
-1.660320659071259641e-01
-6.718600186770132821e-01
-1.826437376305440452e+00
6.398658092951676757e-01
6.362022599968973902e-01
-1.171109987102527006e+00
2.055375786611261635e+00
-4.304054365932786230e-01
-1.489640673716993713e-01
4.872431973084618284e-01
1.511723211355867624e+00
-4.282169050420123746e-01
4.563455622615018165e-02
-2.094246354548261191e-01
1.264472205125815707e+00
7.406140759327195511e-01
-9.780322936438493597e-01
-1.188157280893774662e-02
8.006547369832053285e-01
-1.166956173514850148e+00
7.714418954617551227e-01
-5.629874630106610489e-01
-7.949739410910880433e-02
6.507304265307044533e-01
-4.892034091242086075e-02
1.221319700716429146e+00
-1.888038949346718121e-01
1.389239739930138606e+00
6.459274014064129155e-01
1.007350372550231299e+00
-1.215260888918100690e+00
1.735237364792567627e+00
-5.338263342405532574e-01
8.194721665199224125e-02
1.876943048680347559e+00
-4.425778772187999310e-01
-6.246206497133908186e-01
-1.011578582247074087e-01
7.038787476580961044e-01
-3.654708973680146356e-01
1.177767408592631071e+00
1.238349860813081849e+00
-9.931211666974938401e-01
-5.074631750441312983e-01
-1.408784644187872637e-01
8.009343883162539646e-01
-2.236829467222129608e+00
-1.530694409450042759e+00
-9.282045712610579313e-01
-1.732566002758781254e+00
9.588744055377332876e-01
-1.774406186380030337e-01
8.938640573106219067e-01
-7.358673744973388553e-01
1.197414295457607025e+00
1.378985078773506512e+00
6.757694061858392498e-01
6.707687767448552441e-01
6.566926228070073535e-01
4.082905264584280602e-01
-9.275179760558807662e-02
-7.552391566843257298e-01
-4.342927719279942034e-01
1.405444576359838660e+00
6.111642522660007959e-01
-2.634862580932220699e-01
1.297487124127559399e+00
-8.035273501802309148e-01
2.163086000131209552e+00
-6.600541429716605402e-02
1.185141632975773129e+00
-1.117757215081422784e+00
-2.993857975596243559e-01
-1.611229283067839857e+00
-6.817559769096181999e-01
1.165062267023070364e-02
2.101471759139352524e-01
-7.103636670540274256e-01
-2.986065968217351263e-01
-1.305667827838837614e+00
2.005520702987071691e-01
1.934166417793825365e+00
5.641475490499128220e-01
1.956961851534844976e-01
-2.979452166423159354e-01
-1.170797213984739182e-01
1.403349800732418995e+00
-1.383719116206340027e+00
1.016570909411121382e-02
1.446438316243937372e+00
-1.204879367063149465e+00
1.011065590148979121e+00
-2.000908539028020960e-01
-2.214040186130818710e-01
1.888453632668121385e+00
2.584739605502285320e-01
5.902434563101611742e-01
-1.772296992669770255e+00
-6.268529673325606844e-01
9.132858072092181478e-02
5.054451179483642198e-01
-7.115587788176331863e-01
-6.164854760807121359e-01
7.318269933204031297e-01
-8.749105517394435427e-01
1.570145004381447995e+00
5.420323295403476349e-01
2.022064006648306433e-01
-1.133136810514955434e-01
2.078739315157641376e-01
-1.300918203926977101e+00
-6.693791950639925714e-01
9.221062620048008363e-01
7.949526106395230496e-01
-7.305521553984547500e-01
9.391698574036148051e-01
4.739780953056969004e-01
9.465768922183620537e-01
-4.280742134875600846e-01
-9.552049164177651708e-01
1.490825675246140736e-01
4.788177851650140537e-01
9.404171609153159084e-01
-7.280863744022199047e-01
9.210354451464418668e-01
1.847317142062727680e-01
1.673755774036789656e+00
1.204078690126271445e+00
5.416631060209298187e-01
8.876035207758257162e-01
-3.621291520119385154e-01
1.790433725860250125e-01
1.443822608085056025e+00
-1.789374498971516292e-01
-1.039821038529756825e+00
7.403806175065694717e-01
2.166394265656260976e-01
-1.080454096598153946e+00
-2.031117806404193760e-01
-9.768052571306917731e-01
2.028784335225765290e+00
9.100676961011225918e-01
-4.134428614652367329e-01
1.933925061712413296e+00
-7.726190034017457187e-01
1.426659211712900666e-01
1.668461503800847678e+00
9.975674270514660602e-01
-7.187821330294080768e-01
1.751344033073879425e-01
-1.523356110326120838e+00
-7.421999931224558811e-01
-6.940782155190667879e-01
-2.767899198310235231e-01
9.214222213243906251e-03
1.009261160856644635e+00
-9.987770940191170732e-01
-1.000684246153487611e-01
-1.983323041536088294e+00
-7.192974920327460664e-01
6.562448081317413529e-01
4.096687959660387512e-02
-2.213046899053129124e+00
-1.271982299262208738e+00
-1.204794458941133017e+00
1.742389110717140477e-01
-1.163484715539970793e+00
6.561948215946298291e-01
4.238549757073055146e-01
-1.460263222123665772e+00
-7.062368262688352161e-01
4.006211192163260382e-01
-3.137630079883083623e-01
1.217765112180911213e+00
4.080990428845787110e-01
-2.073611678439853112e-01
1.319894309236891161e-01
-1.029970038748226013e+00
-1.373675570345978814e-01
-6.905638371414063448e-01
-2.253537881788246489e-01
7.106910696565792440e-01
1.073363094378670501e+00
-4.835909687851283612e-01
1.711064271276812043e-01
-9.558038587468651315e-01
1.034868762835071898e+00
3.684361775491432622e-01
-7.065830676971396329e-01
-1.141256392354076166e+00
-4.708560735672006614e-01
-3.192600431459420851e-01
-1.277728312170708813e+00
-2.401079483374635171e+00
-7.013990568519145041e-01
1.206453660921765092e+00
-6.603850522111757160e-01
8.371010046739715826e-02
3.848458963554214907e-01
2.151473697910822325e-01
2.146365938211599378e+00
2.343587679789410627e-01
2.275544911876851373e+00
1.797402910100627027e+00
3.344970028656081840e-01
-8.437267637320181590e-01
1.830419041589991247e-01
1.709105325758808469e+00
-7.677401703519387555e-01
2.801403455552650135e-01
1.505003699891504398e+00
3.131084475121469479e-01
-4.200946358040143491e-01
-3.789316734841982615e-01
-1.539145928533311336e+00
1.205392433771300453e+00
4.115864831397597623e-01
2.505387680052209021e+00
9.253879825685773497e-02
-1.032117479259739401e+00
-3.069740572971402792e-01
-2.142869417858051850e+00
1.003734452952018824e-01
-4.530892087557167325e-01
-5.028978716819839656e-01
6.514953590770468095e-01
2.779394292100667574e-01
-1.048074287240757574e+00
1.825949257288667305e+00
1.561337354819199441e-01
2.086857082833603050e-01
-3.876009756986611987e-01
1.641005781196476887e+00
5.045416354020918481e-01
1.370252818243053117e+00
1.163958627427185366e+00
1.109627224496413378e-01
1.074915158756708927e-01
5.809231542481040761e-02
1.457900125465662888e-01
1.497680352596841846e+00
4.621482093505241417e-01
1.767808450169159329e-01
1.527211657496021016e-02
5.402197794581515833e-01
1.243079820987194051e+00
-1.649988059803138229e+00
-2.422203136817981661e-01
-1.504430007967711980e+00
-9.880055036231136789e-01
1.315024649865689454e+00
-6.583901227983512960e-01
-8.522462052453794179e-01
-8.264351429869080112e-01
-8.789923890647900750e-02
1.095092301949610381e+00
-4.836765418442377507e-01
-1.270300730483034490e+00
-1.549913847124647359e-01
-4.398048023867538736e-02
-3.773411502720332433e-01
1.114875199274569129e+00
4.128117793961140203e-01
-5.097467551616498005e-01
-1.407051829679988986e+00
1.474663488677889100e+00
-7.363730904405345612e-01
-1.482686113243824044e-01
-1.382643251137041673e+00
1.740934448415103697e+00
6.691944641075435740e-01
7.645071556793715528e-01
-1.482116630160871806e-01
9.538635504839869661e-01
1.092391204337914923e+00
1.782314564893404230e+00
-2.402275992475425337e+00
-1.757473868691016294e-01
-1.173916066826445892e+00
8.480227082738465150e-01
-1.833209868257754005e+00
-2.483454989287479098e+00
-1.026583677358582136e+00
-9.905949751482154841e-01
3.980606865597968169e-01
1.649451369141060608e+00
6.874606307267996375e-01
2.374953352047119159e-01
1.091935594934692277e+00
-2.521780806874241929e-02
-2.248964977484949057e-01
-1.589116007956627108e+00
1.217719425100129010e-01
1.391834495578994524e+00
5.069069125729620817e-02
1.009433264868291324e+00
1.823645736637123926e-01
8.563780037850061699e-01
-5.625514904734750798e-01
-1.273180456999969679e-01
7.835134526839121483e-01
-3.225312205877063909e-01
-1.010794433138398063e-01
-1.379953447715513315e+00
-2.232312805455054505e-01
-1.289756432740444936e+00
9.939527015135039834e-02
-7.889639678160097480e-01
-3.771514042706029107e-02
2.573873128013620670e-01
-2.120783175065145132e-01
1.058164051723414628e-01
2.064488107850443122e+00
3.257274932989757121e-01
1.412654136052217790e+00
9.867779542430650253e-01
1.875431849920477401e+00
1.072967808934996103e+00
1.656948475096261308e+00
2.983017393226269354e-01
-1.086791031966832660e-01
-8.831441320717330346e-01
-7.930196759243826610e-02
1.028854989841391898e+00
5.929581355032872425e-01
-3.023406444474319166e+00
-6.085530003644583630e-01
4.214007136446620283e-01
1.572763006572797995e+00
-3.111061362911674566e-01
-6.381818075662260004e-01
1.386960795671208224e+00
9.462881076887376119e-01
4.569866929786776111e-01
-5.034612675887067956e-01
-1.278050897448658851e+00
1.320832889790736875e+00
-8.564097616814919656e-01
-9.974545463165306047e-03
1.568578899527786508e+00
2.208368480228855457e+00
1.370096907935022257e+00
-2.108420297996623560e+00
-2.332769983354850696e-01
-4.141275626729457038e-01
-1.475851402926463107e+00
1.877489258062828015e-01
-1.815324145916966891e+00
1.588788794889358647e+00
-2.116368245981256280e+00
-3.986898539561708338e-02
-1.497319467954606020e+00
8.450089666161342272e-01
1.212531142434458253e+00
-1.023743797748299045e+00
-1.082495541333050815e+00
1.454707910314155583e+00
-2.693577372332250364e-01
1.046464264633621521e+00
-3.357341959185175639e+00
-2.390125510509125487e-02
-3.998499647419778147e-01
7.695799559062951878e-02
-6.825987929799589571e-01
-1.387671105251923276e+00
4.942794060064631956e-01
6.200265582288160271e-01
1.372189908165222683e+00
6.536271733990022259e-01
8.590234972417760684e-01
1.216131431879108549e+00
-8.644228634209604190e-01
-5.307112526328825464e-01
1.397515352203020367e+00
-9.082273937708529310e-01
1.722486597478501080e+00
1.421878182285164050e+00
-2.524215376623587748e+00
2.245063050695547680e-01
8.993821820046044024e-01
1.126817501892259515e-01
4.256218247727848458e-02
-4.555376004236751930e-01
3.620845438191046539e-01
1.719055903458576173e+00
1.401986074207971722e+00
1.548438788532776611e+00
7.641259639623156907e-01
-3.688901997808732847e-01
-6.416838314372236285e-02
-1.191073417842725801e+00
1.889478180543898267e+00
7.539880954655294731e-01
1.338351843742957126e+00
9.980643519875311009e-02
4.028216989737196108e-02
-2.582755577231360955e-01
2.026460870390147384e-01
-3.137972562917032415e-01
2.331153587622095458e+00
5.029252290950561033e-01
3.322443945955021460e-01
-7.482508336621104261e-01
2.194729089437066072e-01
6.995156748979867167e-01
4.563802772094010529e-01
-1.314736450873415174e+00
4.851552409331297833e-01
1.374391477472144962e-01
9.210793691255751980e-01
1.150287213916000084e+00
7.500601369772148530e-01
-8.782515626786308038e-02
3.449097385277672401e-01
7.315948092704838146e-01
-7.778482542594424842e-01
-1.560796114994045247e-01
-9.149252152258515736e-01
4.226352153545278600e-01
-4.846460938680316466e-01
-2.527291249625166492e-01
-3.019599247318387469e-01
-1.056031948160874867e+00
-1.245901514506225993e+00
-2.558653620248499738e+00
-2.601737260779070082e-01
4.284671609583458607e-01
-7.283628178706383904e-01
-3.106433025912082591e-01
3.074332575524641453e-01
7.098462833522508619e-01
5.248062810316276444e-02
1.140034572595328699e+00
-3.914995458961651464e-01
-1.052491209895830782e+00
-1.202770782381013204e+00
8.498310879195688505e-01
-1.461648638509487896e-01
6.140040129662230894e-01
-1.177773070324047655e+00
3.075358772084424985e-01
-1.483797217992359307e+00
1.315267670231617059e+00
4.820702931259472912e-01
-2.092588554077515983e+00
1.821356097087499570e+00
1.372177568479280851e-01
-8.616196467583030483e-01
1.002898225037723634e+00
3.198997135883529186e+00
-1.273261396498459375e+00
-4.669342571193998426e-01
2.070489245870648531e+00
1.083118587838417968e+00
1.479171326902725125e+00
-1.527298166976967186e+00
-1.018158515972084732e+00
7.225653929676693066e-01
-9.236395879372159001e-01
1.416645279508727429e+00
-5.675005447546917214e-02
-4.991347789910596244e-01
1.744241706907349920e+00
-4.950635540442833715e-01
-9.040984615225126086e-01
1.638788531989842312e+00
2.852253718411362771e-01
1.242353754344106775e+00
-6.321266481882672483e-01
-6.847513133865837931e-01
1.482402709415123754e+00
8.659106676709722450e-01
1.048722005966357118e+00
-4.671968122057519324e-01
5.212874033418574138e-01
-1.076607877573807048e+00
-7.702268026688023905e-01
-4.519941771105444595e-01
-4.258465775386941488e-01
-9.189263090561098357e-01
-8.280866419589479055e-03
-4.725295540635130603e-02
3.602449300756072059e-01
4.493946176227900935e-01
4.457710173409725196e-01
-4.575265194606974173e-02
-7.001629319744496760e-01
-7.020174985336935514e-01
2.854033910883664246e-02
7.885007630956523128e-01
-1.067866000463725928e+00
1.487495813875371553e+00
6.802509188534692219e-01
3.576100386757032901e-01
1.500180108709757709e+00
-1.104498605818597101e-01
-1.240440600885719426e-02
-1.317485681729745339e+00
-4.406281457278554692e-02
3.531241939159317500e-01
-3.674578196603393021e-01
-7.587658109913288096e-02
7.483843030528423146e-01
6.539663905082823137e-01
-5.993523625127301635e-01
8.783362179522274937e-01
-5.705969709836851145e-01
2.253710093464549313e+00
1.538912999748013544e+00
-6.298209900371484204e-01
-2.698280524792425195e-01
-2.438450716335671953e-01
-5.762022825221088107e-01
-1.278255575434694480e+00
-8.657391160323184287e-02
1.504162283688716295e+00
1.166996285221339191e-01
7.801603051296865932e-01
-9.370121045401378357e-01
3.783980438591632023e-01
3.141367444042116319e-01
-9.899542678056545419e-01
-3.089114084687451939e-02
-1.300583016983319018e+00
5.913006727193553802e-01
7.576575878012277443e-02
1.131114481633612279e+00
-1.526664760232557372e+00
-8.788300779389558448e-01
-5.546994953337378575e-01
-2.517914529073055907e-01
-4.640871577395010855e-02
1.065637698966959812e+00
-1.534007246600633145e+00
-9.036247526279337361e-01
1.202877662767846800e+00
2.246467313664789689e+00
-2.935972325088030743e+00
1.982288499610648236e-01
6.222133171984630673e-01
-1.781823001551878782e-01
6.936222835512306784e-01
6.066842176908467943e-01
-5.120051635018313396e-01
-1.081645957828494709e+00
-1.114466611377147587e-01
2.864517797018922285e-01
-1.974063820298643801e+00
-1.688954209172966570e+00
1.281099817350703995e+00
1.540211000222011517e+00
4.319146414741235063e-01
-9.394210137808702843e-01
-4.222115565841652041e-01
2.793926307796930630e-01
4.925570406589273031e-01
-5.087389328336637817e-01
-1.658363504869760252e+00
1.792593643498404887e+00
5.342646546295932719e-01
-2.351951404407005786e+00
9.831170304678603644e-01
4.883209674690712765e-01
5.042186397183895386e-01
-1.930500143186917983e+00
9.473406903270371604e-01
1.060828332075983704e+00
-1.363722409867070828e+00
4.506908904620456902e-01
8.003343913734779491e-01
2.402007424035572936e-01
2.644400024482387312e-01
-1.419700480708582235e-01
1.362593893820380542e+00
3.515255242318404139e-01
-6.252286631659993432e-01
1.559951421720209286e-01
8.853003543165299805e-01
5.858019382614878534e-01
1.768642987039515946e-01
9.671775116108058401e-02
1.927259320931100861e+00
1.825392157952342220e+00
-1.262276723631657438e+00
-1.190079919116629803e+00
1.577557315184187070e+00
-5.205186736266298464e-01
5.881992314861338444e-01
-1.399399907653694486e+00
1.735588795789720917e+00
-2.191649412614944392e+00
-8.912307838946834648e-01
6.097857777450055305e-01
-6.113012345128279179e-01
-1.162690976576325586e+00
-4.101303012067588627e-01
6.712741484480434506e-01
3.759657917820549006e-02
-1.504097557952206676e+00
6.530260981747582072e-01
-6.799003890982221465e-01
-1.275963107087690673e+00
2.187314658870729844e-01
-1.177674399290067564e+00
-1.248090244180554587e+00
-3.501112659968602658e-01
-2.508062695851717150e-01
-1.682494617770387280e-01
-1.459397130269562082e+00
2.008828367685850047e+00
-8.114561718018944436e-01
-1.331938297906003044e+00
-5.630078487861960718e-02
8.845953690453608464e-01
1.492982009092003626e+00
-1.141881807850940289e+00
-7.270112886877665437e-01
-3.473085338188765525e-01
-1.212883897870328243e+00
4.247851977285400579e-03
-5.049265651887527850e-01
7.192685441962300974e-01
1.950731118026160227e-01
1.717727294730884813e+00
8.305581957038901120e-01
-1.637017045517188629e+00
1.312390029195943386e-01
8.315754353610920191e-01
-4.671416515423015836e-01
1.031964535739281263e+00
-2.846813108191516006e-01
-1.777195343772631220e-01
4.130636862564666112e-01
-7.393070831036123725e-01
1.862478494000967766e+00
6.479790682788310052e-01
-5.981078181467982535e-01
3.046133593272084550e-01
-7.817024198383470956e-01
-5.430294842320839699e-01
-8.443180793874709433e-01
-7.767187049545370980e-01
-3.646580011271506327e-01
7.033605599834530375e-01
-4.008846242288769957e-01
1.017681862395484638e+00
7.879197567213659381e-01
5.828976443756738179e-01
6.701646511587868726e-01
1.347036924404804992e-01
-6.204383625722850737e-02
-2.400455833637825886e+00
5.924162753102085732e-01
1.225978993362740077e+00
-7.023631579759173071e-01
-4.915206704845724861e-01
-2.633386682104231213e-01
-2.699157470657785884e-01
9.957821931076620281e-01
1.691303957164613792e+00
-3.755584255753452450e-01
-1.441710271115189457e+00
9.454290401935132593e-01
1.336887977699172114e-02
6.687382004796568191e-01
5.103045109238423249e-01
2.266829387479190050e-01
1.027776322009817500e+00
6.803165604464113114e-01
-8.354228569626626077e-01
-5.945035130349064501e-01
3.517734655442014136e-01
-1.082950118305455289e+00
6.826126202630106166e-01
6.764113952142104536e-01
2.997334898952291327e-01
-1.170266208154362886e+00
-6.251999085712026671e-01
-3.288870799387736965e-01
1.000431742048280004e+00
2.501952894983688225e+00
2.193090449904803174e-01
